1024 1 2.00915e-09
1024 2 2.01243e-09
1024 4 2.00895e-09
1024 8 2.00767e-09
1024 16 2.00759e-09
1024 32 2.00863e-09
1024 64 1.99673e-09
1024 128 1.99417e-09
1024 256 1.99246e-09
1024 512 1.98989e-09


2048 1 2.00324e-09
2048 2 2.00395e-09
2048 4 2.00615e-09
2048 8 2.00033e-09
2048 16 2.00449e-09
2048 32 2.00489e-09
2048 64 2.00676e-09
2048 128 2.00428e-09
2048 256 2.00479e-09
2048 512 2.00012e-09
2048 1024 1.99396e-09


4096 1 2.01342e-09
4096 2 2.02439e-09
4096 4 2.04298e-09
4096 8 2.01138e-09
4096 16 2.01251e-09
4096 32 2.01046e-09
4096 64 2.01289e-09
4096 128 2.01343e-09
4096 256 2.0123e-09
4096 512 2.01272e-09
4096 1024 2.00515e-09
4096 2048 1.99797e-09


8192 1 2.01785e-09
8192 2 2.02402e-09
8192 4 2.81185e-09
8192 8 3.19271e-09
8192 16 4.35767e-09
8192 32 8.67677e-09
8192 64 8.7029e-09
8192 128 8.43272e-09
8192 256 8.44732e-09
8192 512 8.45036e-09
8192 1024 8.44947e-09
8192 2048 2.00129e-09
8192 4096 1.99169e-09


16384 1 2.02112e-09
16384 2 2.03119e-09
16384 4 2.80769e-09
16384 8 3.18831e-09
16384 16 4.41964e-09
16384 32 8.65772e-09
16384 64 8.70878e-09
16384 128 8.85671e-09
16384 256 8.44693e-09
16384 512 8.45429e-09
16384 1024 8.4388e-09
16384 2048 8.45659e-09
16384 4096 2.00298e-09
16384 8192 1.9953e-09


32768 1 2.02391e-09
32768 2 2.0314e-09
32768 4 2.81052e-09
32768 8 3.19391e-09
32768 16 4.45305e-09
32768 32 8.6655e-09
32768 64 8.72189e-09
32768 128 8.84733e-09
32768 256 8.44243e-09
32768 512 8.44881e-09
32768 1024 8.45528e-09
32768 2048 8.44067e-09
32768 4096 1.12868e-08
32768 8192 2.00628e-09
32768 16384 1.99598e-09


65536 1 2.02806e-09
65536 2 2.05165e-09
65536 4 2.83867e-09
65536 8 3.20329e-09
65536 16 4.49571e-09
65536 32 8.69471e-09
65536 64 8.70585e-09
65536 128 8.84724e-09
65536 256 8.44947e-09
65536 512 8.45155e-09
65536 1024 8.42848e-09
65536 2048 8.43859e-09
65536 4096 1.12484e-08
65536 8192 1.12802e-08
65536 16384 2.01043e-09
65536 32768 2.00182e-09


131072 1 2.03253e-09
131072 2 2.05144e-09
131072 4 2.84336e-09
131072 8 3.26182e-09
131072 16 4.60979e-09
131072 32 8.93375e-09
131072 64 9.23756e-09
131072 128 9.84752e-09
131072 256 1.04545e-08
131072 512 1.24732e-08
131072 1024 1.6434e-08
131072 2048 8.45119e-09
131072 4096 1.12876e-08
131072 8192 1.1288e-08
131072 16384 1.1282e-08
131072 32768 2.0103e-09
131072 65536 1.99419e-09


262144 1 2.04059e-09
262144 2 2.0683e-09
262144 4 2.88063e-09
262144 8 3.35768e-09
262144 16 4.88822e-09
262144 32 9.30434e-09
262144 64 9.70876e-09
262144 128 1.07005e-08
262144 256 1.21297e-08
262144 512 1.41551e-08
262144 1024 1.82804e-08
262144 2048 1.64391e-08
262144 4096 1.12629e-08
262144 8192 1.12619e-08
262144 16384 1.12837e-08
262144 32768 1.12634e-08
262144 65536 2.00529e-09
262144 131072 1.9964e-09


524288 1 2.0353e-09
524288 2 2.06752e-09
524288 4 2.92809e-09
524288 8 3.48018e-09
524288 16 5.35113e-09
524288 32 1.01089e-08
524288 64 1.05458e-08
524288 128 1.18801e-08
524288 256 1.65744e-08
524288 512 1.7658e-08
524288 1024 2.00294e-08
524288 2048 1.54654e-08
524288 4096 1.57869e-08
524288 8192 1.1283e-08
524288 16384 1.12697e-08
524288 32768 1.12831e-08
524288 65536 1.12726e-08
524288 131072 2.01323e-09
524288 262144 1.99954e-09


1048576 1 2.03711e-09
1048576 2 2.078e-09
1048576 4 3.04599e-09
1048576 8 3.73712e-09
1048576 16 7.0487e-09
1048576 32 1.13749e-08
1048576 64 1.18698e-08
1048576 128 1.31831e-08
1048576 256 2.78109e-08
1048576 512 2.83468e-08
1048576 1024 2.94883e-08
1048576 2048 2.66788e-08
1048576 4096 2.78958e-08
1048576 8192 2.52485e-08
1048576 16384 2.98337e-08
1048576 32768 3.59375e-08
1048576 65536 1.12714e-08
1048576 131072 1.12483e-08
1048576 262144 2.00617e-09
1048576 524288 1.98942e-09


2097152 1 2.07849e-09
2097152 2 2.37389e-09
2097152 4 3.99993e-09
2097152 8 4.60187e-09
2097152 16 7.61127e-09
2097152 32 1.1724e-08
2097152 64 1.24179e-08
2097152 128 1.37674e-08
2097152 256 3.84411e-08
2097152 512 3.85368e-08
2097152 1024 3.88288e-08
2097152 2048 2.83515e-08
2097152 4096 2.88374e-08
2097152 8192 2.74396e-08
2097152 16384 3.30598e-08
2097152 32768 4.02305e-08
2097152 65536 4.01338e-08
2097152 131072 1.13053e-08
2097152 262144 1.12927e-08
2097152 524288 2.00751e-09
2097152 1048576 1.99614e-09


4194304 1 2.06798e-09
4194304 2 2.27222e-09
4194304 4 3.8026e-09
4194304 8 4.43493e-09
4194304 16 8.28508e-09
4194304 32 1.16842e-08
4194304 64 1.23686e-08
4194304 128 1.3953e-08
4194304 256 6.13871e-08
4194304 512 6.20136e-08
4194304 1024 6.46307e-08
4194304 2048 7.75242e-08
4194304 4096 8.70087e-08
4194304 8192 7.54857e-08
4194304 16384 8.41105e-08
4194304 32768 9.17959e-08
4194304 65536 4.22758e-08
4194304 131072 4.22866e-08
4194304 262144 1.12804e-08
4194304 524288 1.12711e-08
4194304 1048576 2.00581e-09
4194304 2097152 2.00081e-09


8388608 1 2.06769e-09
8388608 2 2.26863e-09
8388608 4 3.8026e-09
8388608 8 4.4156e-09
8388608 16 8.24931e-09
8388608 32 1.14279e-08
8388608 64 1.17954e-08
8388608 128 1.26762e-08
8388608 256 6.25656e-08
8388608 512 6.35245e-08
8388608 1024 6.60205e-08
8388608 2048 8.22086e-08
8388608 4096 9.33483e-08
8388608 8192 8.10785e-08
8388608 16384 9.02555e-08
8388608 32768 9.77521e-08
8388608 65536 9.60588e-08
8388608 131072 4.3438e-08
8388608 262144 4.32838e-08
8388608 524288 1.12658e-08
8388608 1048576 1.12854e-08
8388608 2097152 2.00756e-09
8388608 4194304 2.00021e-09


16777216 1 2.06656e-09
16777216 2 2.26635e-09
16777216 4 3.80313e-09
16777216 8 4.38307e-09
16777216 16 8.19105e-09
16777216 32 1.14245e-08
16777216 64 1.17403e-08
16777216 128 1.25483e-08
16777216 256 6.35509e-08
16777216 512 6.44972e-08
16777216 1024 6.75483e-08
16777216 2048 8.44626e-08
16777216 4096 9.60569e-08
16777216 8192 8.34858e-08
16777216 16384 9.2289e-08
16777216 32768 9.96795e-08
16777216 65536 9.92074e-08
16777216 131072 9.39515e-08
16777216 262144 4.39982e-08
16777216 524288 4.32007e-08
16777216 1048576 1.12678e-08
16777216 2097152 1.12479e-08
16777216 4194304 2.01052e-09
16777216 8388608 1.99991e-09


